0 
511
0
0
37
613
720
591
716
635
548
516
501
481
444
448
409
380
344
347
336
288
331
304
260
248
211
225
248
186
203
182
163
179
144
151
136
135
145
119
129
104
 93
118
 91
 93
 78
 76
 67
 61
 81
 88
 64
 53
 63
 65
 53
 51
 48
 42
 36
 45
 32
 34
 38
 45
 33
 31
 35
 30
 26
 25
 21
 30
 25
 12
 23
 32
 23
 16
 14
 25
 19
 15
 18
 19
 22
 13
 21
 15
 17
  8
 16
 22
 14
 17
  7
  9
 11
 14
 18
 18
 14
  9
  7
 10
 15
  8
  8
 10
  7
  6
  7
 10
  5
 10
  7
  6
 11
  7
  7
  8
  8
  6
 12
 10
  6
 13
5
3
4
0
0
0
0
0
0
0
1
0
0
0
0
0
0
0
0
0
0
0
0
1
0
0
0
0
0
0
0
0
0
0
0
0
0
0
0
0
0
0
0
0
0
0
0
0
0
0
0
0
0
0
0
0
0
0
0
0
0
0
0
0
1
0
0
0
0
0
0
0
0
0
0
0
0
0
0
0
0
0
0
0
0
0
0
0
0
0
0
1
0
1
1
0
0
0
0
0
0
0
0
0
0
0
0
0
0
0
0
0
0
0
0
0
0
0
0
0
0
0
0
0
0
0
0
0
1
0
0
0
0
0
0
0
0
0
0
0
0
0
0
0
0
0
0
0
0
0
0
0
0
0
0
0
0
0
0
0
0
0
0
1
0
0
1
0
0
0
0
0
0
0
0
0
0
0
0
0
0
0
0
0
0
0
0
0
0
0
0
0
0
0
0
0
0
0
0
0
0
0
0
0
0
0
0
0
0
0
0
0
0
0
0
0
0
0
0
0
0
0
0
0
0
0
1
0
0
0
0
0
0
0
0
0
0
0
0
0
0
0
0
0
0
0
0
0
0
0
0
0
0
0
0
0
0
0
0
0
0
0
0
0
0
0
0
0
0
0
0
0
0
0
0
0
0
0
0
0
0
0
0
0
0
0
0
0
0
0
0
0
0
0
0
0
1
0
0
0
0
0
0
0
0
0
0
0
0
0
0
0
0
0
0
0
0
0
0
0
0
0
0
0
0
0
0
1
0
0
0
0
0
0
0
0
1
0
0
0
0
0
0
0
0
0
0
0
0
0
0
0
0
0
0
0
0
0
0
0
0
0
0
0
0
1
0
0
0
0
0
0
0
0
0
0
0
0
0
0
0
0
0
0
0
0
